$ANSIBLE_VAULT;1.1;AES256
36666364313931346233363837373763666239666632653939643630343564653761633964623564
3363333866346464633735386236316165373736666264610a316461363734323437333762386463
65333032663361656339316463313564616164396430666166623839373930626463383530633366
6537333764393130610a343465396466316536383138663936636263343666643132333437613235
36316161646234336564636431343366353532333734313764346635653939366263383565323331
38313737623466343232646461383864643332303761613337393431326263333237356436366137
38653766633964393939326461366662636239333930316630663937336335613261353062643334
39656164383933383662626639326664396233353032396661376664363839383233386635613062
30373330336537613861343764393939386533636338363463373639383031653032313734643664
33343261326561346430623933663335373835363662623361323535653964323731616562343837
31363236613061626563323339663064333930336463336136343538663833356361386537373532
30376432613239346566386631396365633538376666636338623330333138353065643261336133
36656238326565333334626135323834663966623937316463396366336662613065363666656332
38363362326531356232323434323034353333316163383030306262663133396564646430333935
37303038353064306166626564633532643664363030356637383839643136346266363363346130
30623261306637376137326263386530323132313461303938623463643533386262316565306430
37373662326261323965663939623631356664653630316466356166356664323033633464653234
64323230343832646431663662303264383538663566373564613462643634313731626432373536
37326534343531356266656562613865633863653866393635653230343236613837623365356465
63323964626337323766663363353236383630303136623732353765363265633031333438366230
64666536326162656131656433316531356431363734336336383735643434643263356435633838
65643033663464393834326565336330623530333035326366353936316437316261613939326166
63333561633934393934323362653736346366373161363163646466653930376530626632363265
32613230643762303532353233323965303462653133366464383633376461313732353366393563
63633438663062313766656363636266643265653665303834636632366236386632663662303530
66653738666232326131363763623264356431353137653361616561396137303966313264376431
35303937353730336365353932366539366639323035653430323435323637313865353032386239
33386533636136323762343763383461653763666463363938613430333766323337336536636232
61393461333439393035306166653931353461373864313934316461356430613163393366663865
32366163316533303337653436613563653235623334356437643636366361386333663436666131
31373965343262643634363861613933353365326138636662323137626233653937383338336133
61626339656133396537383066323231623035643938306530663766366534663936373762386130
64636237396263316533383965393534303063363163313039363863666333313366356534333736
61653435636434653262313363306136303234323961393862323536323339643833363365653937
66326131653065663431313839313761366135333337353936616265616561313536353132643138
36333531336131656661333131353535333234636239616436313039303061643162666265343536
64333063316665316162386234363037633637393762313637643062646433643031613062356232
37656332633337333264336336666462663831333133336435666537356262353362376365646334
39386235653632333836366436396563323539313535633138376663653239313063356638303332
30613838346436343034366237323038393766373265633439396466393236303338386465376564
34643936343534653037333931663731343333316166646634666163396461373566366232353665
34366135353039376564616632663761643636616533356432306535613131633235386362313630
38373231613561303766353131616335613465643163613866333137336637333635666530643364
39623964383936366561616265383538383266653035626237353465643837376666663864653039
39663436393635343538333039303836346663306364306132623934633863356264623561636366
32613739323662303363396432386234376139623736643663353037303761336365616362383732
65313232646163366538393532343262306665373630323732363165316261633030613065656665
61373134373563623233373732343731666164613261636636666136633130333132636234393464
66316638326438633034666363663234336536366565653735653130333333383432656136633761
39303636353437353263613838353135646365353431326231623161646137613963323232313263
35333339363930306564333238623036313136383435616361366365373736313737386238363561
62623033633238333764373835653332393838653861653162366539313931663664376364663837
63616438346534343164346131656633353038346338663130306538396239376462623762363532
62663837336131353730353635373433633934613739633834376336633839303338643331636535
31346534363862626664306464323366353661353435663931353937666533313135353261346631
30326330396630623831626364363661363664393732373232393866366637353032363835376363
37633766613666333135373863333964323731386538376236333832353331306334666134366563
63616566313534643462323932623732306230656530323665666533323632366434666232316466
30666136376335336135666237616237633635663537356236356666346636643863313337393439
33356665316335336339663464376661613961646166343836386638636165616235303432313364
66643632633333353535336139326662356338366430363337356435623836656637336130623335
30666231373233313833626335636665643330383338343466383632343830343338626365343063
643135303330623430666164383638663530
